0.00034319,1.87536e-006,0.00135122,0.01
0.000697473,7.51752e-006,0.00269157,0.02
0.00106251,1.69493e-005,0.00402106,0.03
0.00143795,3.01916e-005,0.00533971,0.04
0.00182345,4.72632e-005,0.00664753,0.05
0.00221866,6.81811e-005,0.00794455,0.06
0.00262327,9.29604e-005,0.00923079,0.07
0.00303694,0.000121614,0.0105063,0.08
0.00345935,0.000154155,0.0117711,0.09
0.00389019,0.000190592,0.0130252,0.1
0.00432915,0.000230933,0.0142688,0.11
0.00477593,0.000275186,0.0155017,0.12
0.00523022,0.000323356,0.0167242,0.13
0.00569175,0.000375447,0.0179363,0.14
0.00616022,0.00043146,0.019138,0.15
0.00663535,0.000491398,0.0203293,0.16
0.00711687,0.00055526,0.0215105,0.17
0.0076045,0.000623044,0.0226815,0.18
0.008098,0.000694748,0.0238424,0.19
0.00859709,0.000770368,0.0249933,0.2
0.00910152,0.000849898,0.0261344,0.21
0.00961105,0.000933334,0.0272655,0.22
0.0101254,0.00102067,0.028387,0.23
0.0106444,0.00111189,0.0294988,0.24
0.0111678,0.00120699,0.030601,0.25
0.0116953,0.00130596,0.0316937,0.26
0.0122268,0.00140879,0.0327771,0.27
0.012762,0.00151547,0.0338512,0.28
0.0133006,0.00162599,0.0349161,0.29
0.0138426,0.00174032,0.0359719,0.3
0.0143876,0.00185846,0.0370187,0.31
0.0149355,0.00198039,0.0380565,0.32
0.0154862,0.0021061,0.0390856,0.33
0.0160393,0.00223557,0.040106,0.34
0.0165947,0.00236878,0.0411178,0.35
0.0171522,0.00250571,0.0421211,0.36
0.0177117,0.00264635,0.0431159,0.37
0.018273,0.00279068,0.0441025,0.38
0.0188359,0.00293867,0.0450808,0.39
0.0194002,0.00309031,0.0460511,0.4
0.0199657,0.00324558,0.0470133,0.41
0.0205324,0.00340446,0.0479677,0.42
0.0211001,0.00356692,0.0489142,0.43
0.0216686,0.00373294,0.049853,0.44
0.0222377,0.00390251,0.0507843,0.45
0.0228073,0.00407559,0.051708,0.46
0.0233774,0.00425217,0.0526243,0.47
0.0239476,0.00443222,0.0535333,0.48
0.024518,0.00461572,0.0544351,0.49
0.0250883,0.00480264,0.0553298,0.5
0.0256585,0.00499296,0.0562174,0.51
0.0262284,0.00518665,0.0570982,0.52
0.0267979,0.0053837,0.0579721,0.53
0.0273669,0.00558407,0.0588393,0.54
0.0279353,0.00578774,0.0596998,0.55
0.0285029,0.00599468,0.0605538,0.56
0.0290697,0.00620487,0.0614014,0.57
0.0296355,0.00641828,0.0622425,0.58
0.0302003,0.00663489,0.0630775,0.59
0.0307639,0.00685467,0.0639062,0.6
0.0313263,0.00707759,0.0647289,0.61
0.0318873,0.00730363,0.0655455,0.62
0.0324468,0.00753275,0.0663563,0.63
0.0330048,0.00776494,0.0671612,0.64
0.0335613,0.00800016,0.0679603,0.65
0.034116,0.00823839,0.0687539,0.66
0.0346689,0.00847961,0.0695418,0.67
0.0352199,0.00872377,0.0703243,0.68
0.035769,0.00897087,0.0711013,0.69
0.0363161,0.00922086,0.071873,0.7
0.0368611,0.00947372,0.0726395,0.71
0.0374039,0.00972943,0.0734008,0.72
0.0379445,0.00998795,0.0741571,0.73
0.0384828,0.0102493,0.0749083,0.74
0.0390188,0.0105133,0.0756546,0.75
0.0395523,0.0107801,0.076396,0.76
0.0400833,0.0110497,0.0771326,0.77
0.0406118,0.0113219,0.0778645,0.78
0.0411376,0.0115967,0.0785918,0.79
0.0416609,0.0118742,0.0793146,0.8
0.0421814,0.0121542,0.0800328,0.81
0.0426991,0.0124369,0.0807466,0.82
0.043214,0.012722,0.081456,0.83
0.0437261,0.0130097,0.0821611,0.839999
0.0442353,0.0132999,0.082862,0.849999
0.0447415,0.0135926,0.0835588,0.859999
0.0452447,0.0138876,0.0842515,0.869999
0.0457449,0.0141851,0.0849401,0.879999
0.046242,0.0144849,0.0856247,0.889999
0.046736,0.0147871,0.0863055,0.899999
0.0472269,0.0150917,0.0869824,0.909999
0.0477145,0.0153985,0.0876555,0.919999
0.0481989,0.0157076,0.0883249,0.929999
0.0486801,0.0160189,0.0889906,0.939999
0.049158,0.0163325,0.0896527,0.949999
0.0496326,0.0166482,0.0903112,0.959999
0.0501038,0.0169661,0.0909662,0.969999
0.0505717,0.0172862,0.0916178,0.979999
0.0510362,0.0176084,0.092266,0.989999
0.0514972,0.0179326,0.0929109,0.999999
0.0519548,0.0182589,0.0935524,1.01
0.0524089,0.0185872,0.0941907,1.02
0.0528595,0.0189176,0.0948259,1.03
0.0533066,0.0192499,0.0954579,1.04
0.0537502,0.0195842,0.0960868,1.05
0.0541902,0.0199204,0.0967126,1.06
0.0546266,0.0202586,0.0973355,1.07
0.0550595,0.0205986,0.0979554,1.08
0.0554887,0.0209404,0.0985724,1.09
0.0559143,0.0212841,0.0991865,1.1
0.0563363,0.0216296,0.0997978,1.11
0.0567546,0.0219769,0.100406,1.12
0.0571693,0.022326,0.101012,1.13
0.0575803,0.0226768,0.101615,1.14
0.0579877,0.0230292,0.102216,1.15
0.0583913,0.0233834,0.102814,1.16
0.0587912,0.0237392,0.103409,1.17
0.0591874,0.0240967,0.104002,1.18
0.0595799,0.0244558,0.104592,1.19
0.0599687,0.0248165,0.10518,1.2
0.0603538,0.0251787,0.105765,1.21
0.0607351,0.0255425,0.106348,1.22
0.0611127,0.0259078,0.106929,1.23
0.0614865,0.0262746,0.107507,1.24
0.0618566,0.0266429,0.108083,1.25
0.0622229,0.0270126,0.108657,1.26
0.0625855,0.0273838,0.109228,1.27
0.0629443,0.0277563,0.109797,1.28
0.0632994,0.0281303,0.110365,1.29
0.0636507,0.0285056,0.11093,1.3
0.0639982,0.0288823,0.111493,1.31
0.064342,0.0292602,0.112054,1.32
0.0646821,0.0296395,0.112612,1.33
0.0650184,0.0300201,0.113169,1.34
0.0653509,0.0304019,0.113724,1.35
0.0656797,0.0307849,0.114277,1.36
0.0660048,0.0311691,0.114828,1.37
0.0663261,0.0315546,0.115377,1.38
0.0666436,0.0319412,0.115924,1.39
0.0669575,0.0323289,0.11647,1.4
0.0672676,0.0327178,0.117013,1.41
0.067574,0.0331078,0.117555,1.42
0.0678767,0.0334989,0.118095,1.43
0.0681756,0.033891,0.118633,1.44
0.0684709,0.0342842,0.11917,1.45
0.0687625,0.0346785,0.119705,1.46
0.0690503,0.0350737,0.120238,1.47
0.0693345,0.0354699,0.120769,1.48
0.0696151,0.0358671,0.121299,1.49
0.0698919,0.0362652,0.121827,1.5
0.0701651,0.0366643,0.122353,1.51
0.0704347,0.0370643,0.122878,1.52
0.0707006,0.0374652,0.123402,1.53
0.0709629,0.0378669,0.123924,1.54
0.0712215,0.0382695,0.124444,1.55
0.0714766,0.038673,0.124963,1.56
0.071728,0.0390772,0.12548,1.57
0.0719759,0.0394823,0.125996,1.58
0.0722202,0.0398881,0.12651,1.59
0.0724609,0.0402948,0.127023,1.6
0.0726981,0.0407021,0.127535,1.61
0.0729317,0.0411102,0.128045,1.62
0.0731618,0.041519,0.128553,1.63
0.0733883,0.0419285,0.129061,1.64
0.0736114,0.0423387,0.129567,1.65
0.073831,0.0427495,0.130071,1.66
0.0740471,0.043161,0.130575,1.67
0.0742597,0.0435731,0.131076,1.68
0.0744688,0.0439858,0.131577,1.69
0.0746745,0.0443991,0.132076,1.7
0.0748768,0.044813,0.132574,1.71
0.0750757,0.0452274,0.133071,1.72
0.0752711,0.0456424,0.133567,1.73
0.0754632,0.0460579,0.134061,1.74
0.0756519,0.0464739,0.134554,1.75
0.0758373,0.0468904,0.135046,1.76
0.0760193,0.0473074,0.135536,1.77
0.0761979,0.0477249,0.136026,1.78
0.0763733,0.0481428,0.136514,1.79
0.0765453,0.0485611,0.137001,1.8
0.0767141,0.0489799,0.137487,1.81
0.0768795,0.049399,0.137972,1.82
0.0770418,0.0498186,0.138455,1.83
0.0772007,0.0502385,0.138938,1.84
0.0773565,0.0506587,0.139419,1.85
0.077509,0.0510794,0.139899,1.86
0.0776584,0.0515003,0.140378,1.87
0.0778045,0.0519216,0.140856,1.88
0.0779475,0.0523431,0.141333,1.89
0.0780874,0.052765,0.141808,1.9
0.0782241,0.0531871,0.142283,1.91
0.0783577,0.0536094,0.142757,1.92
0.0784882,0.054032,0.143229,1.93
0.0786156,0.0544549,0.143701,1.94
0.07874,0.0548779,0.144171,1.95
0.0788613,0.0553012,0.14464,1.96
0.0789795,0.0557246,0.145109,1.97
0.0790947,0.0561482,0.145576,1.98
0.079207,0.056572,0.146042,1.99
0.0793162,0.056996,0.146508,2
0.0794225,0.05742,0.146972,2.01
0.0795258,0.0578442,0.147435,2.02
0.0796262,0.0582685,0.147897,2.03
0.0797237,0.0586929,0.148359,2.04
0.0798182,0.0591174,0.148819,2.05
0.0799099,0.0595419,0.149278,2.06
0.0799987,0.0599665,0.149736,2.07
0.0800847,0.0603911,0.150194,2.08
0.0801678,0.0608158,0.15065,2.09
0.0802481,0.0612405,0.151105,2.1
0.0803256,0.0616652,0.15156,2.11
0.0804003,0.06209,0.152013,2.12
0.0804723,0.0625146,0.152466,2.13
0.0805415,0.0629393,0.152917,2.14
0.0806079,0.0633639,0.153368,2.15
0.0806717,0.0637885,0.153818,2.16
0.0807327,0.0642131,0.154266,2.17
0.0807911,0.0646375,0.154714,2.18
0.0808468,0.0650619,0.155161,2.19
0.0808998,0.0654861,0.155607,2.2
0.0809502,0.0659103,0.156052,2.21
0.0809981,0.0663343,0.156496,2.22
0.0810433,0.0667583,0.156939,2.23
0.0810859,0.067182,0.157381,2.24
0.081126,0.0676057,0.157823,2.25
0.0811635,0.0680291,0.158263,2.26
0.0811985,0.0684524,0.158703,2.27
0.081231,0.0688756,0.159142,2.28
0.081261,0.0692985,0.159579,2.29
0.0812885,0.0697212,0.160016,2.3
0.0813136,0.0701437,0.160452,2.31
0.0813362,0.070566,0.160887,2.32
0.0813564,0.0709881,0.161321,2.33
0.0813742,0.0714099,0.161755,2.34
0.0813896,0.0718314,0.162187,2.35
0.0814026,0.0722527,0.162619,2.36
0.0814133,0.0726738,0.163049,2.37
0.0814216,0.0730945,0.163479,2.38
0.0814276,0.073515,0.163908,2.39
0.0814313,0.0739351,0.164336,2.4
0.0814327,0.074355,0.164763,2.41
0.0814319,0.0747745,0.165189,2.42
0.0814288,0.0751937,0.165615,2.43
0.0814235,0.0756126,0.166039,2.44
0.0814159,0.0760311,0.166463,2.45
0.0814061,0.0764492,0.166886,2.46
0.0813942,0.076867,0.167307,2.47
0.0813801,0.0772844,0.167728,2.48
0.0813638,0.0777015,0.168149,2.49
0.0813454,0.0781181,0.168568,2.5
0.0813249,0.0785344,0.168986,2.51
0.0813023,0.0789502,0.169404,2.52
0.0812776,0.0793656,0.169821,2.53
0.0812509,0.0797806,0.170236,2.54
0.0812221,0.0801952,0.170651,2.55
0.0811912,0.0806093,0.171066,2.56
0.0811584,0.081023,0.171479,2.57
0.0811235,0.0814362,0.171891,2.58
0.0810867,0.081849,0.172303,2.59
0.0810479,0.0822612,0.172713,2.6
0.0810071,0.082673,0.173123,2.61
0.0809644,0.0830844,0.173532,2.62
0.0809198,0.0834952,0.17394,2.63
0.0808733,0.0839055,0.174348,2.64
0.0808249,0.0843153,0.174754,2.65
0.0807746,0.0847246,0.175159,2.66
0.0807225,0.0851333,0.175564,2.67
0.0806686,0.0855415,0.175968,2.68
0.0806128,0.0859492,0.176371,2.69
0.0805552,0.0863564,0.176773,2.7
0.0804959,0.0867629,0.177174,2.71
0.0804347,0.087169,0.177575,2.72
0.0803719,0.0875744,0.177974,2.73
0.0803072,0.0879793,0.178373,2.74
0.0802409,0.0883836,0.178771,2.75
0.0801729,0.0887873,0.179168,2.76
0.0801031,0.0891904,0.179564,2.77
0.0800317,0.0895929,0.179959,2.78
0.0799586,0.0899948,0.180353,2.79
0.0798839,0.0903961,0.180747,2.8
0.0798076,0.0907967,0.181139,2.81
0.0797296,0.0911968,0.181531,2.82
0.0796501,0.0915962,0.181922,2.83
0.079569,0.0919949,0.182312,2.84
0.0794863,0.092393,0.182701,2.85
0.079402,0.0927905,0.18309,2.86
0.0793162,0.0931873,0.183477,2.87
0.0792289,0.0935834,0.183864,2.88
0.0791401,0.0939789,0.18425,2.89
0.0790499,0.0943737,0.184635,2.9
0.0789581,0.0947678,0.185019,2.91
0.0788649,0.0951612,0.185402,2.92
0.0787702,0.0955539,0.185784,2.93
0.0786741,0.095946,0.186166,2.94
0.0785766,0.0963373,0.186546,2.95
0.0784777,0.0967279,0.186926,2.96
0.0783775,0.0971178,0.187305,2.97
0.0782758,0.097507,0.187683,2.98
0.0781728,0.0978955,0.18806,2.99
0.0780685,0.0982832,0.188436,3
0.0779628,0.0986702,0.188811,3.01
0.0778558,0.0990564,0.189186,3.02
0.0777476,0.0994419,0.189559,3.03
0.077638,0.0998267,0.189932,3.04
0.0775272,0.100211,0.190304,3.05
0.0774151,0.100594,0.190675,3.06
0.0773018,0.100976,0.191045,3.07
0.0771873,0.101358,0.191415,3.08
0.0770716,0.101739,0.191783,3.09
0.0769547,0.102119,0.19215,3.1
0.0768366,0.102499,0.192517,3.11
0.0767173,0.102877,0.192883,3.12
0.0765969,0.103255,0.193248,3.13
0.0764753,0.103632,0.193612,3.14
0.0763526,0.104008,0.193975,3.15
0.0762288,0.104384,0.194337,3.16
0.0761039,0.104758,0.194698,3.17
0.0759779,0.105132,0.195059,3.18
0.0758509,0.105505,0.195419,3.19
0.0757228,0.105877,0.195777,3.2
0.0755936,0.106248,0.196135,3.21
0.0754635,0.106619,0.196492,3.22
0.0753323,0.106989,0.196848,3.23
0.0752001,0.107357,0.197203,3.24
0.0750669,0.107725,0.197558,3.25
0.0749327,0.108092,0.197911,3.26
0.0747976,0.108459,0.198264,3.27
0.0746615,0.108824,0.198615,3.28
0.0745245,0.109189,0.198966,3.29
0.0743866,0.109553,0.199316,3.3
0.0742478,0.109915,0.199665,3.31
0.074108,0.110277,0.200013,3.32
0.0739674,0.110639,0.20036,3.33
0.0738259,0.110999,0.200706,3.34
0.0736835,0.111358,0.201052,3.35
0.0735403,0.111717,0.201396,3.36
0.0733962,0.112074,0.20174,3.37
0.0732514,0.112431,0.202083,3.38
0.0731057,0.112787,0.202424,3.39
0.0729592,0.113142,0.202765,3.4
0.0728119,0.113496,0.203105,3.41
0.0726639,0.113849,0.203445,3.42
0.0725151,0.114202,0.203783,3.43
0.0723656,0.114553,0.20412,3.44
0.0722153,0.114904,0.204457,3.45
0.0720642,0.115253,0.204792,3.46
0.0719125,0.115602,0.205127,3.47
0.0717601,0.11595,0.205461,3.48
0.0716069,0.116297,0.205793,3.49
0.0714531,0.116643,0.206125,3.5
0.0712987,0.116988,0.206456,3.51
0.0711435,0.117332,0.206786,3.52
0.0709877,0.117675,0.207116,3.53
0.0708313,0.118018,0.207444,3.54
0.0706743,0.118359,0.207771,3.55
0.0705167,0.118699,0.208098,3.56
0.0703584,0.119039,0.208424,3.57
0.0701996,0.119378,0.208748,3.58
0.0700402,0.119715,0.209072,3.59
0.0698802,0.120052,0.209395,3.6
0.0697196,0.120388,0.209717,3.61
0.0695586,0.120723,0.210038,3.62
0.0693969,0.121057,0.210358,3.63
0.0692348,0.12139,0.210678,3.64
0.0690721,0.121722,0.210996,3.65
0.068909,0.122053,0.211313,3.66
0.0687453,0.122383,0.21163,3.67
0.0685812,0.122712,0.211946,3.68
0.0684166,0.12304,0.21226,3.69
0.0682515,0.123368,0.212574,3.7
0.068086,0.123694,0.212887,3.71
0.0679201,0.124019,0.213199,3.72
0.0677537,0.124344,0.21351,3.73
0.0675868,0.124667,0.21382,3.74
0.0674196,0.12499,0.21413,3.75
0.067252,0.125311,0.214438,3.76
0.067084,0.125632,0.214745,3.77
0.0669156,0.125952,0.215052,3.78
0.0667468,0.12627,0.215358,3.79
0.0665777,0.126588,0.215662,3.8
0.0664082,0.126905,0.215966,3.81
0.0662384,0.127221,0.216269,3.82
0.0660682,0.127536,0.216571,3.83
0.0658977,0.12785,0.216872,3.84
0.0657269,0.128162,0.217172,3.85
0.0655558,0.128474,0.217471,3.86
0.0653844,0.128785,0.21777,3.87
0.0652127,0.129095,0.218067,3.88
0.0650407,0.129404,0.218364,3.89
0.0648684,0.129712,0.218659,3.9
0.0646959,0.13002,0.218954,3.91
0.0645232,0.130326,0.219248,3.92
0.0643502,0.130631,0.21954,3.93
0.0641769,0.130935,0.219832,3.94
0.0640034,0.131238,0.220123,3.95
0.0638298,0.131541,0.220413,3.96
0.0636559,0.131842,0.220703,3.97
0.0634818,0.132142,0.220991,3.98
0.0633075,0.132441,0.221278,3.99
0.063133,0.13274,0.221565,4
0.0629583,0.133037,0.22185,4.01
0.0627835,0.133334,0.222135,4.02
0.0626085,0.133629,0.222419,4.03
0.0624334,0.133924,0.222701,4.04
0.0622581,0.134217,0.222983,4.05
0.0620827,0.13451,0.223264,4.06
0.0619071,0.134801,0.223544,4.07
0.0617315,0.135092,0.223824,4.08
0.0615557,0.135381,0.224102,4.09
0.0613798,0.13567,0.224379,4.1
0.0612038,0.135958,0.224656,4.11
0.0610277,0.136244,0.224931,4.12
0.0608516,0.13653,0.225206,4.13
0.0606753,0.136815,0.22548,4.14
0.060499,0.137098,0.225752,4.15
0.0603226,0.137381,0.226024,4.16
0.0601462,0.137663,0.226295,4.17
0.0599698,0.137944,0.226565,4.18
0.0597933,0.138224,0.226835,4.19
0.0596167,0.138503,0.227103,4.2
0.0594401,0.138781,0.22737,4.21
0.0592636,0.139057,0.227637,4.22
0.059087,0.139333,0.227902,4.23
0.0589104,0.139608,0.228167,4.24
0.0587338,0.139882,0.228431,4.25
0.0585572,0.140156,0.228694,4.26
0.0583806,0.140428,0.228956,4.27
0.058204,0.140699,0.229217,4.28
0.0580275,0.140969,0.229477,4.29
0.057851,0.141238,0.229736,4.3
0.0576745,0.141506,0.229995,4.31
0.0574981,0.141774,0.230252,4.32
0.0573218,0.14204,0.230509,4.33
0.0571455,0.142305,0.230764,4.34
0.0569692,0.14257,0.231019,4.35
0.0567931,0.142833,0.231273,4.36
0.056617,0.143096,0.231526,4.37001
0.056441,0.143357,0.231778,4.38001
0.0562651,0.143618,0.232029,4.39001
0.0560892,0.143877,0.23228,4.40001
0.0559135,0.144136,0.232529,4.41001
0.0557379,0.144394,0.232778,4.42001
0.0555624,0.14465,0.233025,4.43001
0.055387,0.144906,0.233272,4.44001
0.0552117,0.145161,0.233518,4.45001
0.0550366,0.145415,0.233763,4.46001
0.0548616,0.145668,0.234007,4.47001
0.0546867,0.14592,0.23425,4.48001
0.054512,0.146171,0.234492,4.49001
0.0543374,0.146421,0.234734,4.50001
0.054163,0.14667,0.234974,4.51001
0.0539888,0.146918,0.235214,4.52001
0.0538147,0.147165,0.235453,4.53001
0.0536407,0.147412,0.235691,4.54001
0.053467,0.147657,0.235928,4.55001
0.0532934,0.147902,0.236164,4.56001
0.05312,0.148145,0.236399,4.57001
0.0529468,0.148388,0.236634,4.58001
0.0527738,0.148629,0.236867,4.59001
0.052601,0.14887,0.2371,4.60001
0.0524284,0.14911,0.237332,4.61001
0.052256,0.149348,0.237563,4.62001
0.0520838,0.149586,0.237793,4.63001
0.0519119,0.149823,0.238022,4.64001
0.0517401,0.150059,0.23825,4.65001
0.0515686,0.150295,0.238478,4.66001
0.0513973,0.150529,0.238704,4.67001
0.0512263,0.150762,0.23893,4.68001
0.0510554,0.150994,0.239155,4.69001
0.0508849,0.151226,0.239379,4.70001
0.0507145,0.151456,0.239602,4.71001
0.0505445,0.151686,0.239824,4.72001
0.0503746,0.151915,0.240046,4.73001
0.0502051,0.152142,0.240266,4.74001
0.0500358,0.152369,0.240486,4.75001
0.0498667,0.152595,0.240705,4.76001
0.0496979,0.15282,0.240923,4.77001
0.0495295,0.153044,0.24114,4.78001
0.0493612,0.153268,0.241356,4.79001
0.0491933,0.15349,0.241572,4.80001
0.0490257,0.153712,0.241787,4.81002
0.0488583,0.153932,0.242,4.82002
0.0486912,0.154152,0.242213,4.83002
0.0485244,0.154371,0.242425,4.84002
0.048358,0.154588,0.242637,4.85002
0.0481918,0.154805,0.242847,4.86002
0.0480259,0.155022,0.243057,4.87002
0.0478604,0.155237,0.243265,4.88002
0.0476951,0.155451,0.243473,4.89002
0.0475302,0.155665,0.24368,4.90002
0.0473656,0.155877,0.243887,4.91002
0.0472013,0.156089,0.244092,4.92002
0.0470373,0.1563,0.244297,4.93002
0.0468737,0.15651,0.2445,4.94002
0.0467103,0.156719,0.244703,4.95002
0.0465474,0.156927,0.244905,4.96002
0.0463847,0.157134,0.245107,4.97002
0.0462224,0.157341,0.245307,4.98002
0.0460605,0.157546,0.245507,4.99002
0.0458989,0.157751,0.245706,5.00002
0.0457376,0.157955,0.245904,5.01002
0.0455767,0.158158,0.246101,5.02002
0.0454161,0.15836,0.246297,5.03002
0.0452559,0.158561,0.246493,5.04002
0.045096,0.158762,0.246688,5.05002
0.0449366,0.158961,0.246882,5.06002
0.0447774,0.15916,0.247075,5.07002
0.0446187,0.159358,0.247267,5.08002
0.0444603,0.159555,0.247459,5.09002
0.0443022,0.159751,0.247649,5.10002
0.0441446,0.159947,0.247839,5.11002
0.0439873,0.160141,0.248029,5.12002
0.0438304,0.160335,0.248217,5.13002
0.0436739,0.160528,0.248404,5.14002
0.0435177,0.16072,0.248591,5.15002
0.043362,0.160911,0.248777,5.16002
0.0432066,0.161101,0.248962,5.17002
0.0430516,0.161291,0.249147,5.18002
0.042897,0.16148,0.24933,5.19002
0.0427428,0.161668,0.249513,5.20002
0.042589,0.161855,0.249695,5.21002
0.0424356,0.162041,0.249877,5.22002
0.0422826,0.162226,0.250057,5.23002
0.04213,0.162411,0.250237,5.24003
0.0419777,0.162595,0.250416,5.25003
0.0418259,0.162778,0.250594,5.26003
0.0416745,0.16296,0.250771,5.27003
0.0415235,0.163142,0.250948,5.28003
0.0413729,0.163322,0.251124,5.29003
0.0412227,0.163502,0.251299,5.30003
0.0410729,0.163681,0.251473,5.31003
0.0409236,0.16386,0.251647,5.32003
0.0407746,0.164037,0.25182,5.33003
0.0406261,0.164214,0.251992,5.34003
0.0404779,0.16439,0.252163,5.35003
0.0403302,0.164565,0.252334,5.36003
0.0401829,0.164739,0.252504,5.37003
0.0400361,0.164913,0.252673,5.38003
0.0398896,0.165086,0.252841,5.39003
0.0397436,0.165258,0.253008,5.40003
0.039598,0.165429,0.253175,5.41003
0.0394529,0.165599,0.253341,5.42003
0.0393081,0.165769,0.253507,5.43003
0.0391638,0.165938,0.253671,5.44003
0.0390199,0.166106,0.253835,5.45003
0.0388764,0.166274,0.253998,5.46003
0.0387334,0.16644,0.254161,5.47003
0.0385908,0.166606,0.254322,5.48003
0.0384487,0.166771,0.254483,5.49003
0.0383069,0.166936,0.254644,5.50003
0.0381656,0.167099,0.254803,5.51003
0.0380248,0.167262,0.254962,5.52003
0.0378844,0.167424,0.25512,5.53003
0.0377444,0.167586,0.255277,5.54003
0.0376048,0.167747,0.255434,5.55003
0.0374657,0.167907,0.25559,5.56003
0.0373271,0.168066,0.255745,5.57003
0.0371889,0.168224,0.255899,5.58003
0.0370511,0.168382,0.256053,5.59003
0.0369137,0.168539,0.256206,5.60003
0.0367768,0.168695,0.256359,5.61003
0.0366404,0.168851,0.25651,5.62003
0.0365044,0.169006,0.256661,5.63003
0.0363688,0.16916,0.256812,5.64003
0.0362337,0.169314,0.256961,5.65003
0.036099,0.169466,0.25711,5.66003
0.0359648,0.169618,0.257258,5.67003
0.035831,0.16977,0.257406,5.68004
0.0356977,0.16992,0.257552,5.69004
0.0355648,0.17007,0.257699,5.70004
0.0354324,0.17022,0.257844,5.71004
0.0353004,0.170368,0.257989,5.72004
0.0351689,0.170516,0.258133,5.73004
0.0350378,0.170663,0.258276,5.74004
0.0349071,0.17081,0.258419,5.75004
0.0347769,0.170955,0.258561,5.76004
0.0346472,0.1711,0.258702,5.77004
0.0345179,0.171245,0.258843,5.78004
0.0343891,0.171389,0.258983,5.79004
0.0342607,0.171532,0.259123,5.80004
0.0341327,0.171674,0.259261,5.81004
0.0340053,0.171816,0.259399,5.82004
0.0338782,0.171957,0.259537,5.83004
0.0337516,0.172097,0.259674,5.84004
0.0336255,0.172237,0.25981,5.85004
0.0334998,0.172376,0.259945,5.86004
0.0333746,0.172514,0.26008,5.87004
0.0332498,0.172652,0.260214,5.88004
0.0331255,0.172789,0.260348,5.89004
0.0330016,0.172925,0.260481,5.90004
0.0328782,0.173061,0.260613,5.91004
0.0327552,0.173196,0.260744,5.92004
0.0326327,0.173331,0.260875,5.93004
0.0325106,0.173465,0.261006,5.94004
0.032389,0.173598,0.261135,5.95004
0.0322679,0.17373,0.261264,5.96004
0.0321471,0.173862,0.261393,5.97004
0.0320269,0.173994,0.261521,5.98004
0.0319071,0.174124,0.261648,5.99004
0.0317877,0.174254,0.261774,6.00004
0.0316688,0.174384,0.2619,6.01004
0.0315503,0.174513,0.262026,6.02004
0.0314323,0.174641,0.26215,6.03004
0.0313147,0.174768,0.262274,6.04004
0.0311976,0.174895,0.262398,6.05004
0.031081,0.175022,0.262521,6.06004
0.0309647,0.175147,0.262643,6.07004
0.030849,0.175272,0.262765,6.08004
0.0307337,0.175397,0.262886,6.09004
0.0306188,0.175521,0.263006,6.10004
0.0305044,0.175644,0.263126,6.11004
0.0303904,0.175767,0.263245,6.12005
0.0302768,0.175889,0.263364,6.13005
0.0301637,0.17601,0.263482,6.14005
0.0300511,0.176131,0.2636,6.15005
0.0299389,0.176252,0.263716,6.16005
0.0298272,0.176371,0.263833,6.17005
0.0297158,0.176491,0.263949,6.18005
0.029605,0.176609,0.264064,6.19005
0.0294946,0.176727,0.264178,6.20005
0.0293846,0.176844,0.264292,6.21005
0.029275,0.176961,0.264406,6.22005
0.0291659,0.177078,0.264519,6.23005
0.0290573,0.177193,0.264631,6.24005
0.0289491,0.177308,0.264743,6.25005
0.0288413,0.177423,0.264854,6.26005
0.028734,0.177537,0.264964,6.27005
0.0286271,0.17765,0.265074,6.28005
0.0285206,0.177763,0.265184,6.29005
0.0284146,0.177876,0.265293,6.30005
0.028309,0.177987,0.265401,6.31005
0.0282038,0.178099,0.265509,6.32005
0.0280991,0.178209,0.265616,6.33005
0.0279949,0.178319,0.265723,6.34005
0.027891,0.178429,0.265829,6.35005
0.0277876,0.178538,0.265934,6.36005
0.0276846,0.178646,0.26604,6.37005
0.0275821,0.178754,0.266144,6.38005
0.0274799,0.178862,0.266248,6.39005
0.0273783,0.178969,0.266351,6.40005
0.027277,0.179075,0.266454,6.41005
0.0271762,0.179181,0.266557,6.42005
0.0270758,0.179286,0.266659,6.43005
0.0269758,0.179391,0.26676,6.44005
0.0268762,0.179495,0.266861,6.45005
0.0267771,0.179599,0.266961,6.46005
0.0266784,0.179702,0.267061,6.47005
0.0265801,0.179805,0.26716,6.48005
0.0264823,0.179907,0.267259,6.49005
0.0263849,0.180009,0.267357,6.50005
0.0262878,0.18011,0.267454,6.51005
0.0261913,0.180211,0.267552,6.52005
0.0260951,0.180311,0.267648,6.53005
0.0259993,0.18041,0.267744,6.54005
0.025904,0.18051,0.26784,6.55006
0.0258091,0.180608,0.267935,6.56006
0.0257146,0.180706,0.26803,6.57006
0.0256205,0.180804,0.268124,6.58006
0.0255268,0.180901,0.268218,6.59006
0.0254336,0.180998,0.268311,6.60006
0.0253407,0.181094,0.268403,6.61006
0.0252483,0.18119,0.268496,6.62006
0.0251563,0.181285,0.268587,6.63006
0.0250646,0.18138,0.268678,6.64006
0.0249734,0.181474,0.268769,6.65006
0.0248826,0.181568,0.268859,6.66006
0.0247922,0.181661,0.268949,6.67006
0.0247023,0.181754,0.269038,6.68006
0.0246127,0.181846,0.269127,6.69006
0.0245235,0.181938,0.269215,6.70006
0.0244347,0.18203,0.269303,6.71006
0.0243463,0.182121,0.269391,6.72006
0.0242584,0.182211,0.269478,6.73006
0.0241708,0.182301,0.269564,6.74006
0.0240836,0.182391,0.26965,6.75006
0.0239968,0.18248,0.269735,6.76006
0.0239104,0.182569,0.26982,6.77006
0.0238244,0.182657,0.269905,6.78006
0.0237388,0.182745,0.269989,6.79006
0.0236536,0.182832,0.270073,6.80006
0.0235688,0.182919,0.270156,6.81006
0.0234844,0.183006,0.270239,6.82006
0.0234004,0.183092,0.270321,6.83006
0.0233167,0.183177,0.270403,6.84006
0.0232335,0.183263,0.270484,6.85006
0.0231506,0.183347,0.270565,6.86006
0.0230681,0.183432,0.270646,6.87006
0.022986,0.183516,0.270726,6.88006
0.0229043,0.183599,0.270806,6.89006
0.0228229,0.183682,0.270885,6.90006
0.022742,0.183765,0.270964,6.91006
0.0226614,0.183847,0.271042,6.92006
0.0225812,0.183929,0.27112,6.93006
0.0225014,0.18401,0.271197,6.94006
0.022422,0.184091,0.271274,6.95006
0.0223429,0.184171,0.271351,6.96006
0.0222642,0.184251,0.271427,6.97006
0.0221859,0.184331,0.271503,6.98006
0.0221079,0.18441,0.271578,6.99007
0.0220303,0.184489,0.271653,7.00007
0.0219531,0.184568,0.271728,7.01007
0.0218763,0.184646,0.271802,7.02007
0.0217998,0.184723,0.271876,7.03007
0.0217237,0.184801,0.271949,7.04007
0.021648,0.184878,0.272022,7.05007
0.0215726,0.184954,0.272095,7.06007
0.0214976,0.18503,0.272167,7.07007
0.0214229,0.185106,0.272238,7.08007
0.0213486,0.185181,0.27231,7.09007
0.0212747,0.185256,0.272381,7.10007
0.0212011,0.185331,0.272451,7.11007
0.0211279,0.185405,0.272521,7.12007
0.021055,0.185479,0.272591,7.13007
0.0209825,0.185552,0.27266,7.14007
0.0209104,0.185625,0.272729,7.15007
0.0208386,0.185698,0.272798,7.16007
0.0207671,0.18577,0.272866,7.17007
0.020696,0.185842,0.272934,7.18007
0.0206253,0.185913,0.273001,7.19007
0.0205548,0.185984,0.273068,7.20007
0.0204848,0.186055,0.273135,7.21007
0.0204151,0.186126,0.273201,7.22007
0.0203457,0.186196,0.273267,7.23007
0.0202767,0.186265,0.273332,7.24007
0.020208,0.186335,0.273397,7.25007
0.0201396,0.186404,0.273462,7.26007
0.0200716,0.186472,0.273527,7.27007
0.0200039,0.186541,0.273591,7.28007
0.0199366,0.186609,0.273654,7.29007
0.0198696,0.186676,0.273718,7.30007
0.0198029,0.186743,0.273781,7.31007
0.0197366,0.18681,0.273843,7.32007
0.0196706,0.186877,0.273905,7.33007
0.0196049,0.186943,0.273967,7.34007
0.0195396,0.187009,0.274029,7.35007
0.0194746,0.187074,0.27409,7.36007
0.0194099,0.187139,0.274151,7.37007
0.0193455,0.187204,0.274211,7.38007
0.0192815,0.187269,0.274271,7.39007
0.0192177,0.187333,0.274331,7.40007
0.0191544,0.187397,0.274391,7.41007
0.0190913,0.18746,0.27445,7.42007
0.0190285,0.187523,0.274509,7.43008
0.0189661,0.187586,0.274567,7.44008
0.018904,0.187649,0.274625,7.45008
0.0188422,0.187711,0.274683,7.46008
0.0187807,0.187773,0.27474,7.47008
0.0187195,0.187834,0.274797,7.48008
0.0186586,0.187896,0.274854,7.49008
0.0185981,0.187957,0.27491,7.50008
0.0185379,0.188017,0.274966,7.51008
0.0184779,0.188077,0.275022,7.52008
0.0184183,0.188137,0.275078,7.53008
0.018359,0.188197,0.275133,7.54008
0.0183,0.188256,0.275188,7.55008
0.0182413,0.188315,0.275242,7.56008
0.0181829,0.188374,0.275296,7.57008
0.0181248,0.188433,0.27535,7.58008
0.0180669,0.188491,0.275404,7.59008
0.0180094,0.188549,0.275457,7.60008
0.0179522,0.188606,0.27551,7.61008
0.0178953,0.188663,0.275562,7.62008
0.0178387,0.18872,0.275615,7.63008
0.0177824,0.188777,0.275666,7.64008
0.0177264,0.188833,0.275718,7.65008
0.0176706,0.188889,0.27577,7.66008
0.0176152,0.188945,0.275821,7.67008
0.01756,0.189001,0.275871,7.68008
0.0175052,0.189056,0.275922,7.69008
0.0174506,0.189111,0.275972,7.70008
0.0173963,0.189165,0.276022,7.71008
0.0173423,0.18922,0.276071,7.72008
0.0172886,0.189274,0.276121,7.73008
0.0172351,0.189328,0.27617,7.74008
0.017182,0.189381,0.276218,7.75008
0.0171291,0.189434,0.276267,7.76008
0.0170765,0.189487,0.276315,7.77008
0.0170242,0.18954,0.276363,7.78008
0.0169721,0.189592,0.27641,7.79008
0.0169203,0.189645,0.276458,7.80008
0.0168688,0.189696,0.276505,7.81008
0.0168176,0.189748,0.276551,7.82008
0.0167667,0.189799,0.276598,7.83008
0.016716,0.18985,0.276644,7.84008
0.0166656,0.189901,0.27669,7.85008
0.0166154,0.189952,0.276735,7.86009
0.0165656,0.190002,0.276781,7.87009
0.0165159,0.190052,0.276826,7.88009
0.0164666,0.190102,0.27687,7.89009
0.0164175,0.190151,0.276915,7.90009
0.0163687,0.190201,0.276959,7.91009
0.0163201,0.19025,0.277003,7.92009
0.0162719,0.190298,0.277047,7.93009
0.0162238,0.190347,0.27709,7.94009
0.016176,0.190395,0.277134,7.95009
0.0161285,0.190443,0.277176,7.96009
0.0160813,0.190491,0.277219,7.97009
0.0160342,0.190538,0.277262,7.98009
0.0159875,0.190586,0.277304,7.99009
0.015941,0.190633,0.277346,8.00009
0.0158947,0.190679,0.277387,8.01009
0.0158487,0.190726,0.277429,8.02009
0.015803,0.190772,0.27747,8.03009
0.0157575,0.190818,0.277511,8.04009
0.0157122,0.190864,0.277551,8.05009
0.0156672,0.19091,0.277592,8.06009
0.0156224,0.190955,0.277632,8.07009
0.0155779,0.191,0.277672,8.08009
0.0155336,0.191045,0.277712,8.09009
0.0154896,0.19109,0.277751,8.10009
0.0154458,0.191134,0.27779,8.11009
0.0154022,0.191178,0.277829,8.12009
0.0153589,0.191222,0.277868,8.13009
0.0153158,0.191266,0.277906,8.14009
0.015273,0.191309,0.277945,8.15009
0.0152304,0.191353,0.277983,8.16009
0.015188,0.191396,0.27802,8.17009
0.0151458,0.191439,0.278058,8.18009
0.0151039,0.191481,0.278095,8.19009
0.0150622,0.191524,0.278132,8.20009
0.0150208,0.191566,0.278169,8.21009
0.0149795,0.191608,0.278206,8.22009
0.0149385,0.19165,0.278242,8.23009
0.0148978,0.191691,0.278278,8.24009
0.0148572,0.191732,0.278314,8.25009
0.0148169,0.191774,0.27835,8.26009
0.0147768,0.191814,0.278385,8.27009
0.0147369,0.191855,0.278421,8.28009
0.0146973,0.191896,0.278456,8.29009
0.0146578,0.191936,0.278491,8.30009
0.0146186,0.191976,0.278525,8.31009
0.0145796,0.192016,0.27856,8.3201
0.0145408,0.192056,0.278594,8.3301
0.0145022,0.192095,0.278628,8.3401
0.0144639,0.192134,0.278662,8.3501
0.0144257,0.192173,0.278695,8.3601
0.0143878,0.192212,0.278729,8.3701
0.0143501,0.192251,0.278762,8.3801
0.0143126,0.192289,0.278795,8.3901
0.0142753,0.192328,0.278828,8.4001
0.0142382,0.192366,0.27886,8.4101
0.0142013,0.192404,0.278892,8.4201
0.0141647,0.192441,0.278925,8.4301
0.0141282,0.192479,0.278957,8.4401
0.0140919,0.192516,0.278988,8.4501
0.0140559,0.192553,0.27902,8.4601
0.01402,0.19259,0.279051,8.4701
0.0139844,0.192627,0.279082,8.4801
0.0139489,0.192664,0.279113,8.4901
0.0139136,0.1927,0.279144,8.5001
0.0138786,0.192736,0.279175,8.5101
0.0138437,0.192772,0.279205,8.5201
0.0138091,0.192808,0.279235,8.5301
0.0137746,0.192844,0.279265,8.5401
0.0137403,0.192879,0.279295,8.5501
0.0137063,0.192914,0.279325,8.5601
0.0136724,0.192949,0.279354,8.5701
0.0136387,0.192984,0.279383,8.5801
0.0136052,0.193019,0.279412,8.5901
0.0135719,0.193054,0.279441,8.6001
0.0135387,0.193088,0.27947,8.6101
0.0135058,0.193122,0.279498,8.6201
0.0134731,0.193156,0.279527,8.6301
0.0134405,0.19319,0.279555,8.6401
0.0134081,0.193224,0.279583,8.6501
0.0133759,0.193258,0.279611,8.6601
0.0133439,0.193291,0.279638,8.6701
0.0133121,0.193324,0.279666,8.6801
0.0132805,0.193357,0.279693,8.6901
0.013249,0.19339,0.27972,8.7001
0.0132177,0.193423,0.279747,8.7101
0.0131866,0.193455,0.279774,8.7201
0.0131557,0.193488,0.2798,8.7301
0.0131249,0.19352,0.279827,8.7401
0.0130944,0.193552,0.279853,8.7501
0.013064,0.193584,0.279879,8.76011
0.0130338,0.193616,0.279905,8.77011
0.0130037,0.193647,0.279931,8.78011
0.0129738,0.193679,0.279956,8.79011
0.0129441,0.19371,0.279982,8.80011
0.0129146,0.193741,0.280007,8.81011
0.0128852,0.193772,0.280032,8.82011
0.012856,0.193803,0.280057,8.83011
0.012827,0.193834,0.280082,8.84011
0.0127981,0.193864,0.280106,8.85011
0.0127695,0.193894,0.280131,8.86011
0.0127409,0.193925,0.280155,8.87011
0.0127126,0.193955,0.280179,8.88011
0.0126844,0.193985,0.280203,8.89011
0.0126563,0.194014,0.280227,8.90011
0.0126285,0.194044,0.280251,8.91011
0.0126008,0.194073,0.280274,8.92011
0.0125732,0.194103,0.280298,8.93011
0.0125458,0.194132,0.280321,8.94011
0.0125186,0.194161,0.280344,8.95011
0.0124915,0.19419,0.280367,8.96011
0.0124646,0.194219,0.28039,8.97011
0.0124378,0.194247,0.280412,8.98011
0.0124112,0.194276,0.280435,8.99011
0.0123848,0.194304,0.280457,9.00011
0.0123585,0.194332,0.280479,9.01011
0.0123323,0.19436,0.280501,9.02011
0.0123063,0.194388,0.280523,9.03011
0.0122805,0.194416,0.280545,9.04011
0.0122548,0.194444,0.280567,9.05011
0.0122293,0.194471,0.280588,9.06011
0.0122039,0.194499,0.28061,9.07011
0.0121786,0.194526,0.280631,9.08011
0.0121535,0.194553,0.280652,9.09011
0.0121286,0.19458,0.280673,9.10011
0.0121038,0.194607,0.280694,9.11011
0.0120791,0.194633,0.280714,9.12011
0.0120546,0.19466,0.280735,9.13011
0.0120303,0.194686,0.280755,9.14011
0.012006,0.194713,0.280775,9.15011
0.011982,0.194739,0.280795,9.16011
0.011958,0.194765,0.280815,9.17011
0.0119342,0.194791,0.280835,9.18011
0.0119105,0.194817,0.280855,9.19011
0.011887,0.194843,0.280875,9.20012
0.0118636,0.194868,0.280894,9.21012
0.0118404,0.194894,0.280913,9.22012
0.0118173,0.194919,0.280933,9.23012
0.0117943,0.194944,0.280952,9.24012
0.0117715,0.194969,0.280971,9.25012
0.0117488,0.194994,0.280989,9.26012
0.0117262,0.195019,0.281008,9.27012
0.0117038,0.195044,0.281027,9.28012
0.0116815,0.195068,0.281045,9.29012
0.0116593,0.195093,0.281064,9.30012
0.0116372,0.195117,0.281082,9.31012
0.0116153,0.195141,0.2811,9.32012
0.0115935,0.195166,0.281118,9.33012
0.0115719,0.19519,0.281136,9.34012
0.0115504,0.195213,0.281153,9.35012
0.011529,0.195237,0.281171,9.36012
0.0115077,0.195261,0.281189,9.37012
0.0114866,0.195285,0.281206,9.38012
0.0114655,0.195308,0.281223,9.39012
0.0114446,0.195331,0.28124,9.40012
0.0114239,0.195355,0.281257,9.41012
0.0114032,0.195378,0.281274,9.42012
0.0113827,0.195401,0.281291,9.43012
0.0113623,0.195424,0.281308,9.44012
0.011342,0.195446,0.281324,9.45012
0.0113218,0.195469,0.281341,9.46012
0.0113018,0.195492,0.281357,9.47012
0.0112819,0.195514,0.281374,9.48012
0.0112621,0.195537,0.28139,9.49012
0.0112424,0.195559,0.281406,9.50012
0.0112228,0.195581,0.281422,9.51012
0.0112034,0.195603,0.281438,9.52012
0.011184,0.195625,0.281453,9.53012
0.0111648,0.195647,0.281469,9.54012
0.0111457,0.195669,0.281484,9.55012
0.0111267,0.19569,0.2815,9.56012
0.0111078,0.195712,0.281515,9.57012
0.0110891,0.195733,0.28153,9.58012
0.0110704,0.195755,0.281545,9.59012
0.0110519,0.195776,0.28156,9.60012
0.0110335,0.195797,0.281575,9.61012
0.0110151,0.195818,0.28159,9.62012
0.0109969,0.195839,0.281605,9.63013
0.0109788,0.19586,0.281619,9.64013
0.0109608,0.195881,0.281634,9.65013
0.0109429,0.195902,0.281648,9.66013
0.0109252,0.195922,0.281663,9.67013
0.0109075,0.195943,0.281677,9.68013
0.0108899,0.195963,0.281691,9.69013
0.0108725,0.195983,0.281705,9.70013
0.0108551,0.196004,0.281719,9.71013
0.0108379,0.196024,0.281733,9.72013
0.0108207,0.196044,0.281746,9.73013
0.0108037,0.196064,0.28176,9.74013
0.0107867,0.196084,0.281774,9.75013
0.0107699,0.196103,0.281787,9.76013
0.0107531,0.196123,0.2818,9.77013
0.0107365,0.196143,0.281814,9.78013
0.01072,0.196162,0.281827,9.79013
0.0107035,0.196181,0.28184,9.80013
0.0106872,0.196201,0.281853,9.81013
0.0106709,0.19622,0.281866,9.82013
0.0106548,0.196239,0.281879,9.83013
0.0106388,0.196258,0.281892,9.84013
0.0106228,0.196277,0.281904,9.85013
0.0106069,0.196296,0.281917,9.86013
0.0105912,0.196315,0.281929,9.87013
0.0105755,0.196334,0.281942,9.88013
0.01056,0.196352,0.281954,9.89013
0.0105445,0.196371,0.281966,9.90013
0.0105291,0.196389,0.281978,9.91013
0.0105138,0.196408,0.28199,9.92013
0.0104986,0.196426,0.282002,9.93013
0.0104835,0.196444,0.282014,9.94013
0.0104685,0.196462,0.282026,9.95013
0.0104536,0.19648,0.282038,9.96013
0.0104388,0.196498,0.282049,9.97013
0.010424,0.196516,0.282061,9.98013
0.0104094,0.196534,0.282072,9.99013
0.0103948,0.196552,0.282084,10.0001
